1000
978 709 950 696
671 989 684 983
897 805 910 786
749 274 732 273
317 17 324 30
239 878 245 904
233 503 207 480
753 776 743 794
375 168 359 177
518 100 522 87
910 381 896 364
988 569 988 559
34 275 55 291
34 225 20 231
865 410 879 421
366 905 391 891
34 182 53 152
165 564 194 593
931 252 915 274
534 259 538 258
56 962 41 985
596 923 612 952
311 787 287 788
132 866 131 891
489 228 480 236
977 116 955 112
246 288 230 302
396 573 390 590
889 662 907 644
40 971 70 948
823 20 839 33
132 134 102 155
70 91 97 81
998 225 1022 195
99 266 116 271
231 747 227 767
600 273 576 254
171 797 164 787
388 883 391 876
209 569 189 540
356 139 344 145
610 188 587 183
357 278 371 289
443 930 457 906
534 898 552 896
738 676 718 703
178 601 169 611
761 975 743 995
165 953 187 926
198 395 178 403
554 374 540 389
112 114 133 112
231 582 205 611
168 323 197 337
890 166 876 158
527 791 519 801
858 616 868 588
40 37 54 51
271 104 283 104
19 626 29 629
934 847 921 854
409 229 429 222
351 373 354 371
778 756 769 741
512 952 506 967
871 749 856 724
912 86 911 95
589 237 595 214
611 320 626 324
651 407 637 394
196 956 220 983
206 984 182 1013
639 940 621 921
531 147 537 148
804 550 789 545
897 482 885 512
553 275 561 303
980 283 967 308
657 2 686 -19
100 747 125 754
369 692 396 712
618 603 624 578
760 407 733 421
939 961 953 982
564 741 552 713
307 343 282 341
733 628 745 601
909 297 924 294
149 472 124 466
983 399 987 386
375 672 365 695
710 328 737 338
960 9 989 4
910 639 922 651
384 239 391 246
650 475 644 456
346 473 372 497
168 817 174 837
252 212 241 232
68 294 43 269
743 384 772 388
474 724 504 723
440 17 439 9
866 277 870 270
71 945 42 964
540 258 523 228
134 433 105 406
895 345 875 330
177 511 200 503
297 332 298 319
642 224 629 239
23 767 -3 790
602 111 587 137
786 919 815 921
319 258 291 250
63 105 62 129
482 244 493 246
993 564 992 538
91 770 76 796
664 774 635 756
663 687 639 716
421 706 394 694
935 331 953 334
2 60 8 55
542 698 531 669
67 446 73 417
945 262 944 268
945 18 961 48
958 453 956 443
227 794 242 767
437 111 464 105
959 657 981 667
21 31 -5 59
939 292 963 282
261 120 249 110
514 919 521 908
468 476 490 461
762 64 740 88
658 669 685 642
22 586 43 582
572 111 555 87
885 461 865 465
896 889 895 867
281 498 265 490
375 566 404 559
105 445 116 440
199 42 227 58
792 372 763 357
743 760 725 743
553 603 539 580
168 726 150 715
119 641 89 619
870 72 851 45
659 575 664 563
318 884 343 906
128 264 121 244
838 317 833 306
788 54 805 71
249 226 273 210
942 451 942 438
539 228 557 233
724 588 729 558
572 50 580 49
788 484 776 503
177 241 165 213
20 478 38 507
30 193 28 171
602 933 596 917
438 460 415 477
956 575 963 596
974 920 950 895
699 653 721 627
458 934 447 928
713 820 719 811
82 728 63 723
852 4 842 -14
85 903 94 915
588 292 587 269
32 433 32 460
892 24 906 7
829 343 858 329
189 411 196 441
156 820 164 843
889 125 869 146
856 698 847 670
696 793 705 773
393 60 363 34
932 67 949 58
467 753 446 748
864 723 894 702
802 803 795 790
881 1000 862 973
435 859 429 870
604 603 577 626
957 546 978 574
699 468 712 439
516 553 527 577
812 655 799 649
706 472 729 446
264 799 246 823
705 155 681 176
456 316 443 286
710 939 728 919
285 23 299 -3
346 566 340 555
691 25 694 5
287 684 263 661
327 773 335 780
205 166 234 154
600 457 594 428
175 646 190 644
574 326 558 311
716 361 692 344
618 29 635 31
759 283 785 270
687 305 678 297
613 779 617 804
262 848 258 819
85 61 114 34
740 209 732 228
843 986 841 1003
117 870 137 840
312 295 332 318
740 766 730 751
835 247 855 220
140 241 114 237
536 319 533 345
296 579 302 578
188 925 201 942
957 136 934 134
506 881 484 893
345 187 330 163
994 663 969 644
719 302 727 291
57 838 59 846
331 1000 341 997
414 700 408 685
702 417 732 428
43 231 47 217
641 96 619 85
87 967 90 947
922 577 903 563
934 781 922 779
198 730 217 751
939 311 927 313
9 975 27 953
577 988 605 981
292 981 271 982
183 748 203 776
147 635 133 644
344 82 341 73
803 871 781 858
328 287 310 258
626 671 633 700
310 148 285 126
726 743 742 741
962 837 935 831
211 728 218 719
921 298 893 299
413 981 388 977
397 22 409 39
364 687 348 663
168 786 174 787
451 817 451 793
447 746 429 741
405 348 409 347
426 921 399 903
489 772 494 773
812 444 787 465
751 640 765 635
733 820 753 823
328 922 326 946
431 554 420 526
733 914 732 897
70 127 93 152
769 201 742 193
945 254 946 250
752 378 725 367
357 404 356 394
694 390 691 398
881 57 899 40
260 834 233 827
282 804 307 822
619 489 647 481
890 324 877 326
819 122 817 142
401 648 378 672
709 31 714 46
86 346 115 338
16 554 36 551
565 63 585 71
636 974 639 989
84 976 79 1005
794 818 818 788
646 951 652 930
228 783 205 781
803 264 785 243
33 776 53 789
276 696 276 679
703 388 675 385
832 669 815 685
318 99 343 128
837 709 826 696
984 37 955 59
806 774 783 751
314 287 287 304
862 325 890 307
315 599 292 618
980 808 955 789
903 829 920 842
84 419 97 420
834 25 819 -4
952 785 982 780
606 512 595 482
970 945 992 917
841 873 859 845
954 486 956 513
152 764 181 740
718 497 742 511
754 537 751 509
628 494 636 493
554 312 550 307
896 354 923 382
503 775 496 769
938 209 968 195
974 835 993 853
637 329 650 351
682 496 708 490
971 345 998 320
309 825 325 804
872 45 842 17
893 309 912 305
72 644 43 670
113 472 133 453
337 57 341 34
345 905 363 926
374 493 381 506
364 665 373 650
664 506 643 518
510 999 487 983
912 229 903 254
936 450 926 475
497 313 470 287
476 997 469 998
506 242 490 243
769 377 797 374
556 750 557 766
101 426 86 430
839 157 861 177
861 493 842 500
286 664 284 669
239 606 229 602
611 909 591 898
502 32 492 53
924 964 905 974
169 304 178 323
336 151 308 177
857 124 882 120
535 901 509 871
71 874 56 858
148 354 143 334
14 415 -7 425
268 132 291 141
242 869 248 872
286 407 273 391
612 50 628 35
716 295 723 275
887 288 880 274
609 735 592 707
962 873 956 857
797 785 808 772
7 694 24 698
731 848 719 870
321 66 293 76
873 583 890 599
744 528 739 522
180 379 181 379
269 861 240 833
619 406 618 382
334 768 339 783
835 746 859 749
861 73 853 99
895 737 876 764
268 259 286 257
928 944 912 937
459 15 430 -12
9 884 16 868
979 567 994 588
574 785 569 792
289 383 271 380
696 248 700 248
412 605 385 629
939 8 952 -16
555 16 527 14
170 682 158 681
92 870 112 898
61 730 39 758
379 981 392 953
883 96 905 68
211 406 199 415
690 81 710 101
807 595 813 592
881 609 865 601
552 244 559 241
904 415 931 428
806 606 835 618
758 548 780 565
221 284 231 266
830 565 820 558
395 783 404 786
664 4 691 -9
20 349 40 351
354 188 324 185
768 157 775 150
905 343 894 314
639 126 638 107
468 507 483 514
756 817 764 794
626 296 647 303
670 729 662 703
637 616 638 641
817 764 790 755
365 808 370 788
670 368 653 375
79 601 61 602
45 600 50 580
889 911 870 910
702 287 693 272
484 249 457 272
137 108 138 114
61 726 44 699
378 362 390 332
247 786 252 787
508 188 520 195
587 602 600 605
286 534 288 517
162 559 190 532
333 778 323 748
557 115 539 118
550 916 559 886
611 587 605 589
586 239 608 230
741 54 730 73
915 830 933 835
894 97 867 95
64 811 71 840
116 320 138 345
302 801 292 792
960 130 932 113
610 186 620 188
684 841 669 860
269 754 265 783
727 906 729 908
958 450 969 427
198 690 217 660
30 118 37 130
757 465 760 472
249 232 227 257
805 90 815 97
308 415 306 421
799 699 794 680
127 538 146 508
976 354 963 382
448 790 426 762
813 690 822 687
561 807 584 789
346 946 343 940
491 41 474 52
714 184 730 201
741 964 733 940
480 89 457 71
629 907 633 878
182 272 208 245
931 77 904 78
815 644 818 629
17 189 4 179
744 54 753 27
6 397 6 367
224 33 231 20
129 929 153 921
826 298 830 326
990 815 987 817
509 602 496 578
987 618 982 646
141 314 149 296
695 143 695 160
414 917 434 939
943 418 922 395
187 811 185 827
864 858 867 828
461 115 449 125
992 36 1017 38
517 497 525 477
399 260 389 271
916 118 930 114
108 803 78 804
212 578 202 580
968 313 947 300
12 160 31 165
350 185 347 182
251 157 262 156
41 638 36 637
234 739 217 734
268 101 272 89
886 482 874 474
579 204 551 218
385 486 406 487
846 308 851 318
358 73 386 72
200 194 201 199
137 420 136 450
674 301 665 326
291 854 303 841
804 405 819 428
449 725 466 748
76 812 60 794
329 799 353 789
673 723 684 728
812 594 820 595
969 832 972 832
578 303 589 327
186 460 156 489
368 653 373 637
681 677 694 695
326 391 348 402
254 270 271 244
404 290 422 302
397 433 406 414
337 730 336 717
827 343 834 337
584 613 558 609
900 854 929 845
527 354 538 352
982 678 998 706
33 26 46 36
364 323 334 297
135 255 150 241
216 966 245 947
800 714 801 731
952 600 938 596
294 470 295 487
138 384 111 371
50 483 62 470
81 769 74 745
136 63 166 34
384 470 413 453
729 480 730 462
437 347 462 325
560 431 563 442
300 113 308 108
349 150 327 146
586 59 570 64
797 647 795 657
577 689 574 670
439 676 426 692
31 240 46 220
187 627 163 634
380 520 409 534
459 275 474 300
256 268 282 246
234 862 241 887
59 85 67 103
895 194 923 220
170 458 175 450
537 674 535 677
872 934 887 922
432 309 427 327
112 632 101 627
682 339 692 348
434 276 437 294
654 375 657 400
916 197 924 180
639 928 646 927
672 210 698 198
860 843 840 827
343 156 360 172
17 149 0 168
504 946 497 921
639 547 618 519
430 253 433 241
328 327 305 335
733 152 706 160
398 946 412 963
333 633 319 612
414 35 432 24
887 553 863 575
376 395 360 365
585 273 560 275
630 517 607 498
144 734 115 725
240 573 249 572
850 57 849 81
607 195 613 189
585 511 559 491
914 858 903 855
121 513 120 535
186 499 178 481
315 576 289 563
61 107 37 92
510 821 517 830
476 179 463 173
970 928 951 937
831 882 827 889
547 929 533 953
161 934 150 929
851 997 858 970
100 481 113 453
275 714 290 737
644 258 652 229
981 830 979 833
823 821 795 848
234 150 249 134
146 333 133 330
748 947 774 958
413 899 428 916
579 8 561 36
207 31 216 13
599 563 574 587
964 737 984 753
867 871 838 885
930 542 929 537
433 837 424 849
543 801 518 772
524 288 496 273
544 269 546 239
251 122 264 131
795 615 789 613
521 169 527 173
57 265 52 276
545 64 575 93
694 665 701 659
262 395 277 420
82 743 101 740
804 938 827 933
985 257 1001 264
61 227 80 222
652 706 654 719
650 980 676 982
645 665 673 676
40 874 50 870
223 914 209 930
955 331 950 308
936 934 961 915
761 400 738 398
610 460 620 459
437 169 454 158
635 394 651 415
972 988 998 960
796 23 766 49
459 447 444 453
402 183 372 199
16 226 -8 207
287 306 285 280
978 797 981 812
207 476 184 456
952 272 929 281
42 845 43 815
252 95 255 89
925 133 914 135
502 482 480 499
613 540 594 556
887 945 909 915
92 600 88 619
940 150 949 139
443 170 442 170
612 616 615 613
616 652 593 637
623 840 632 826
421 763 411 778
52 906 43 896
414 166 427 195
226 467 201 437
846 898 822 868
110 761 118 772
857 171 841 150
511 24 501 37
667 489 644 508
421 340 403 311
648 817 657 804
582 384 601 402
792 573 790 603
460 415 436 422
919 431 925 457
730 455 732 439
737 974 719 957
729 572 755 554
513 319 526 347
535 638 517 629
74 885 62 874
870 977 898 990
724 714 718 706
455 554 465 572
232 652 221 650
901 210 893 192
855 511 856 536
117 1000 111 986
149 727 170 740
502 598 507 605
915 279 934 287
828 283 857 284
581 873 580 884
741 311 767 341
675 230 671 260
81 346 87 362
859 408 829 410
997 727 1011 732
771 991 762 999
847 629 865 636
700 542 705 552
363 852 393 848
260 902 268 904
700 172 701 178
894 432 870 409
951 582 949 553
287 511 263 536
161 64 146 77
912 951 896 957
496 817 502 841
573 153 560 144
508 112 531 133
77 202 81 225
82 713 85 728
152 116 122 126
468 948 475 972
136 1 159 -18
269 799 295 790
666 817 679 818
752 198 779 212
886 66 889 79
981 349 992 377
868 821 853 807
627 562 622 545
127 994 122 970
410 579 432 556
5 428 -2 425
866 247 880 265
651 450 633 449
859 542 846 546
331 322 344 348
359 951 357 956
63 948 54 923
725 667 753 662
752 464 782 448
214 617 232 593
759 277 734 306
459 720 435 726
924 999 945 972
35 325 58 328
620 4 625 20
289 199 302 219
371 716 356 729
8 724 17 748
679 190 694 177
79 606 68 621
628 681 614 660
30 934 51 935
882 589 911 579
247 590 269 604
903 885 917 915
780 964 763 961
411 556 399 566
896 905 890 924
93 412 111 388
647 885 658 859
453 976 449 992
567 131 540 141
246 755 240 759
779 6 792 1
676 36 656 45
817 725 829 715
652 230 650 257
927 512 946 492
716 121 702 123
72 112 101 102
859 553 864 581
203 33 180 25
417 334 405 333
831 424 815 447
969 30 985 13
170 852 146 831
977 94 993 80
502 815 508 844
872 370 880 377
883 671 890 669
952 739 977 766
365 603 338 593
297 129 271 120
844 434 842 431
516 177 533 192
7 535 35 519
407 352 392 370
230 995 235 1002
469 229 445 214
830 937 844 961
423 553 412 560
540 612 561 623
202 791 182 782
782 843 796 854
368 424 344 425
207 534 211 523
808 161 831 136
904 490 895 518
168 32 138 31
277 995 262 1019
389 251 377 255
792 51 808 61
35 174 37 147
172 256 148 271
738 276 725 282
786 3 797 -13
454 623 463 613
135 112 109 128
254 788 243 772
938 39 961 68
460 256 450 271
569 710 591 701
999 806 1027 825
248 503 240 483
4 942 1 959
279 870 249 861
55 448 62 438
532 469 534 488
621 63 595 65
817 399 821 384
828 640 837 657
609 294 601 310
872 17 859 -4
617 424 602 414
512 182 516 158
624 306 627 278
941 870 971 883
547 86 528 58
547 956 549 980
444 344 465 347
141 156 133 161
702 722 709 699
639 745 658 769
81 595 90 603
671 597 652 607
30 683 56 709
219 723 247 705
557 427 530 447
16 713 28 694
180 205 160 208
879 440 853 426
643 73 624 66
423 982 401 986
108 810 87 806
126 28 139 13
519 614 527 627
100 241 84 258
330 686 355 712
128 291 107 320
375 269 399 250
200 411 223 392
541 588 526 602
98 382 77 353
812 654 833 628
381 950 365 958
919 706 900 697
372 7 389 14
208 342 220 316
983 214 999 185
374 917 355 907
636 310 620 306
470 759 440 775
313 546 325 556
702 203 690 208
587 416 559 405
945 792 932 807
707 345 735 361
306 847 325 860
618 994 609 970
948 637 940 613
717 398 710 378
174 921 164 913
347 52 368 28
39 955 33 979
50 358 41 371
811 870 814 860
573 37 603 59
595 666 607 653
354 759 361 737
806 47 823 17
203 116 178 118
481 662 465 654
63 586 55 603
873 478 846 480
575 753 590 770
107 82 127 99
655 67 671 58
25 904 11 903
200 47 194 39
221 651 194 680
527 690 513 680
490 109 489 86
129 558 149 574
432 32 461 33
452 698 441 678
639 422 617 427
426 592 427 570
909 279 924 256
256 25 236 44
70 408 55 417
368 312 345 296
767 726 793 721
659 84 642 59
482 40 511 20
144 32 165 33
400 930 385 941
280 783 270 760
481 977 458 1003
441 998 463 992
392 134 364 127
999 64 1014 53
712 306 729 287
25 933 4 955
969 54 968 79
592 467 606 453
342 501 313 499
398 886 416 890
163 576 181 599
896 296 911 285
906 146 911 172
583 906 586 916
445 390 458 368
192 361 179 351
178 674 170 703
773 222 748 232
551 795 566 788
706 357 723 380
83 6 79 -10
767 137 739 132
348 997 354 1024
119 731 140 737
855 937 881 920
620 496 622 506
641 547 664 555
89 797 100 788
721 188 716 185
19 15 12 27
418 254 401 268
648 821 655 843
55 484 81 502
124 137 97 154
999 593 982 579
156 767 146 794
889 314 896 339
106 807 135 823
385 117 367 120
389 711 365 714
20 819 30 833
742 688 752 692
70 541 96 555
601 151 580 155
488 89 487 91
116 223 136 199
500 45 504 68
840 476 818 484
952 236 937 255
841 262 869 288
520 723 491 724
862 774 851 784
624 194 634 181
374 974 395 946
996 269 982 261
407 710 382 722
500 908 514 882
49 526 35 541
135 697 138 684
37 32 26 34
36 495 65 513
298 834 313 824
186 876 190 854
792 335 766 325
580 446 567 418
398 2 404 15
74 846 99 822
674 218 659 189
231 341 228 362
877 544 906 564
437 941 414 945
16 807 35 818
101 432 128 440
841 536 836 523
116 504 109 526
281 406 264 385
466 131 473 152
573 395 594 369
640 811 612 834
552 95 558 108
280 242 297 245
148 206 171 179
888 566 910 573
417 738 421 726
582 760 587 739
141 412 123 420
379 240 374 245
833 476 834 450
803 873 787 892
